<?xml version="1.0"?>
<opencv_storage>
<NO0>0.</NO0>
<NO1>5.6181001663208008e-001</NO1>
<NO2>0.</NO2>
<NO3>0.</NO3>
<NO4>0.</NO4>
<NO5>1.3012903928756714e+000</NO5>
<NO6>7.8429747372865677e-003</NO6>
<NO7>0.</NO7>
<NO8>0.</NO8>
<NO9>2.8475954532623291e+000</NO9>
<NO10>0.</NO10>
<NO11>1.7955776304006577e-002</NO11>
<NO12>1.1394546031951904e+000</NO12>
<NO13>6.2198907136917114e-001</NO13>
<NO14>0.</NO14>
<NO15>0.</NO15>
<NO16>2.4334830045700073e-001</NO16>
<NO17>5.4785895347595215e-001</NO17>
<NO18>0.</NO18>
<NO19>0.</NO19>
<NO20>9.2589035630226135e-002</NO20>
<NO21>2.8296334743499756e+000</NO21>
<NO22>0.</NO22>
<NO23>0.</NO23>
<NO24>2.9184210300445557e-001</NO24>
<NO25>5.6363749504089355e-001</NO25>
<NO26>4.3069419264793396e-001</NO26>
<NO27>0.</NO27>
<NO28>0.</NO28>
<NO29>0.</NO29>
<NO30>2.5448259711265564e-001</NO30>
<NO31>5.9725570678710938e-001</NO31>
<NO32>3.2577621936798096e-001</NO32>
<NO33>7.5651633739471436e-001</NO33>
<NO34>2.1066219806671143e+000</NO34>
<NO35>0.</NO35>
<NO36>5.4053521156311035e-001</NO36>
<NO37>0.</NO37>
<NO38>0.</NO38>
<NO39>0.</NO39>
<NO40>0.</NO40>
<NO41>8.2525956630706787e-001</NO41>
<NO42>0.</NO42>
<NO43>0.</NO43>
<NO44>2.9640369415283203e+000</NO44>
<NO45>0.</NO45>
<NO46>0.</NO46>
<NO47>0.</NO47>
<NO48>0.</NO48>
<NO49>0.</NO49>
<NO50>4.6516364812850952e-001</NO50>
<NO51>0.</NO51>
<NO52>0.</NO52>
<NO53>1.3963565230369568e-001</NO53>
<NO54>0.</NO54>
<NO55>8.8196265697479248e-001</NO55>
<NO56>0.</NO56>
<NO57>1.3093942403793335e-001</NO57>
<NO58>0.</NO58>
<NO59>0.</NO59>
<NO60>0.</NO60>
<NO61>0.</NO61>
<NO62>0.</NO62>
<NO63>1.8642343580722809e-001</NO63>
<NO64>0.</NO64>
<NO65>0.</NO65>
<NO66>0.</NO66>
<NO67>0.</NO67>
<NO68>1.8597090244293213e-001</NO68>
<NO69>0.</NO69>
<NO70>0.</NO70>
<NO71>1.1347381770610809e-001</NO71>
<NO72>0.</NO72>
<NO73>1.9424331188201904e+000</NO73>
<NO74>0.</NO74>
<NO75>0.</NO75>
<NO76>0.</NO76>
<NO77>0.</NO77>
<NO78>0.</NO78>
<NO79>3.4466188400983810e-002</NO79>
<NO80>3.1200361251831055e-001</NO80>
<NO81>0.</NO81>
<NO82>4.7787129878997803e-002</NO82>
<NO83>0.</NO83>
<NO84>1.2959502637386322e-002</NO84>
<NO85>7.7186721563339233e-001</NO85>
<NO86>2.6705663204193115e+000</NO86>
<NO87>1.3508511781692505e+000</NO87>
<NO88>0.</NO88>
<NO89>7.6814723014831543e-001</NO89>
<NO90>2.9023232460021973e+000</NO90>
<NO91>1.5476779639720917e-001</NO91>
<NO92>3.5901603698730469e+000</NO92>
<NO93>8.0576950311660767e-001</NO93>
<NO94>0.</NO94>
<NO95>9.7785085439682007e-001</NO95>
<NO96>0.</NO96>
<NO97>0.</NO97>
<NO98>6.3224482536315918e-001</NO98>
<NO99>6.0033744573593140e-001</NO99>
<NO100>0.</NO100>
<NO101>0.</NO101>
<NO102>0.</NO102>
<NO103>1.3934440612792969e+000</NO103>
<NO104>0.</NO104>
<NO105>0.</NO105>
<NO106>0.</NO106>
<NO107>0.</NO107>
<NO108>0.</NO108>
<NO109>1.6696672439575195e+000</NO109>
<NO110>0.</NO110>
<NO111>1.3710774183273315e+000</NO111>
<NO112>1.9418064355850220e+000</NO112>
<NO113>0.</NO113>
<NO114>0.</NO114>
<NO115>0.</NO115>
<NO116>0.</NO116>
<NO117>0.</NO117>
<NO118>1.8486496210098267e+000</NO118>
<NO119>6.6059392690658569e-001</NO119>
<NO120>6.4362245798110962e-001</NO120>
<NO121>1.3056184053421021e+000</NO121>
<NO122>2.9773960113525391e+000</NO122>
<NO123>3.1963801383972168e+000</NO123>
<NO124>0.</NO124>
<NO125>0.</NO125>
<NO126>2.2368104457855225e+000</NO126>
<NO127>0.</NO127>
<NO128>2.9634931683540344e-001</NO128>
<NO129>1.0393717288970947e+000</NO129>
<NO130>0.</NO130>
<NO131>1.7915523052215576e-001</NO131>
<NO132>0.</NO132>
<NO133>0.</NO133>
<NO134>8.6209213733673096e-001</NO134>
<NO135>0.</NO135>
<NO136>0.</NO136>
<NO137>0.</NO137>
<NO138>1.2086393833160400e+000</NO138>
<NO139>0.</NO139>
<NO140>1.3428424596786499e+000</NO140>
<NO141>0.</NO141>
<NO142>3.3815544843673706e-001</NO142>
<NO143>3.8421500474214554e-002</NO143>
<NO144>6.4393520355224609e-002</NO144>
<NO145>3.7780022621154785e-001</NO145>
<NO146>0.</NO146>
<NO147>4.4375885277986526e-002</NO147>
<NO148>0.</NO148>
<NO149>0.</NO149>
<NO150>2.5390965864062309e-002</NO150>
<NO151>5.6665349006652832e-001</NO151>
<NO152>7.0555841922760010e-001</NO152>
<NO153>3.4118144512176514e+000</NO153>
<NO154>0.</NO154>
<NO155>0.</NO155>
<NO156>0.</NO156>
<NO157>0.</NO157>
<NO158>0.</NO158>
<NO159>0.</NO159>
<NO160>0.</NO160>
<NO161>1.9071737527847290e+000</NO161>
<NO162>5.8452373743057251e-001</NO162>
<NO163>0.</NO163>
<NO164>0.</NO164>
<NO165>2.4276220798492432e-001</NO165>
<NO166>0.</NO166>
<NO167>0.</NO167>
<NO168>0.</NO168>
<NO169>0.</NO169>
<NO170>0.</NO170>
<NO171>8.7087787687778473e-003</NO171>
<NO172>8.6164242029190063e-001</NO172>
<NO173>0.</NO173>
<NO174>3.2805576920509338e-001</NO174>
<NO175>4.0478709340095520e-001</NO175>
<NO176>0.</NO176>
<NO177>2.6834518909454346e+000</NO177>
<NO178>0.</NO178>
<NO179>0.</NO179>
<NO180>0.</NO180>
<NO181>3.7898664474487305e+000</NO181>
<NO182>0.</NO182>
<NO183>0.</NO183>
<NO184>3.8028612732887268e-002</NO184>
<NO185>2.4257677793502808e-001</NO185>
<NO186>0.</NO186>
<NO187>0.</NO187>
<NO188>0.</NO188>
<NO189>2.7134933471679687e+000</NO189>
<NO190>0.</NO190>
<NO191>0.</NO191>
<NO192>1.0276705771684647e-001</NO192>
<NO193>0.</NO193>
<NO194>0.</NO194>
<NO195>0.</NO195>
<NO196>5.0811296701431274e-001</NO196>
<NO197>1.6255752742290497e-001</NO197>
<NO198>5.6990247964859009e-001</NO198>
<NO199>0.</NO199>
<NO200>0.</NO200>
<NO201>0.</NO201>
<NO202>0.</NO202>
<NO203>0.</NO203>
<NO204>0.</NO204>
<NO205>0.</NO205>
<NO206>1.9911752939224243e+000</NO206>
<NO207>4.5846387743949890e-002</NO207>
<NO208>1.1971110105514526e+000</NO208>
<NO209>2.9810106754302979e-001</NO209>
<NO210>1.1451684236526489e+000</NO210>
<NO211>0.</NO211>
<NO212>2.6060283184051514e-001</NO212>
<NO213>4.7385711222887039e-002</NO213>
<NO214>0.</NO214>
<NO215>0.</NO215>
<NO216>0.</NO216>
<NO217>6.9843870401382446e-001</NO217>
<NO218>0.</NO218>
<NO219>0.</NO219>
<NO220>0.</NO220>
<NO221>0.</NO221>
<NO222>3.7688907235860825e-002</NO222>
<NO223>0.</NO223>
<NO224>0.</NO224>
<NO225>0.</NO225>
<NO226>3.9548709988594055e-001</NO226>
<NO227>3.8499692082405090e-001</NO227>
<NO228>0.</NO228>
<NO229>0.</NO229>
<NO230>2.2118735313415527e+000</NO230>
<NO231>0.</NO231>
<NO232>0.</NO232>
<NO233>0.</NO233>
<NO234>3.5445291548967361e-002</NO234>
<NO235>0.</NO235>
<NO236>0.</NO236>
<NO237>0.</NO237>
<NO238>0.</NO238>
<NO239>0.</NO239>
<NO240>7.2480082511901855e-001</NO240>
<NO241>0.</NO241>
<NO242>0.</NO242>
<NO243>0.</NO243>
<NO244>0.</NO244>
<NO245>5.7927739620208740e-001</NO245>
<NO246>0.</NO246>
<NO247>0.</NO247>
<NO248>0.</NO248>
<NO249>0.</NO249>
<NO250>0.</NO250>
<NO251>0.</NO251>
<NO252>0.</NO252>
<NO253>0.</NO253>
<NO254>2.4725012481212616e-001</NO254>
<NO255>5.6527787446975708e-001</NO255>
<NO256>1.4705308675765991e+000</NO256>
<NO257>2.0637855529785156e+000</NO257>
<NO258>0.</NO258>
<NO259>0.</NO259>
<NO260>1.7084749937057495e+000</NO260>
<NO261>0.</NO261>
<NO262>5.9333509206771851e-001</NO262>
<NO263>0.</NO263>
<NO264>5.2932924032211304e-001</NO264>
<NO265>0.</NO265>
<NO266>0.</NO266>
<NO267>6.6806709766387939e-001</NO267>
<NO268>0.</NO268>
<NO269>0.</NO269>
<NO270>0.</NO270>
<NO271>0.</NO271>
<NO272>0.</NO272>
<NO273>0.</NO273>
<NO274>0.</NO274>
<NO275>0.</NO275>
<NO276>4.4545024633407593e-001</NO276>
<NO277>0.</NO277>
<NO278>4.6081047505140305e-002</NO278>
<NO279>0.</NO279>
<NO280>0.</NO280>
<NO281>7.9705663025379181e-002</NO281>
<NO282>0.</NO282>
<NO283>0.</NO283>
<NO284>0.</NO284>
<NO285>3.5758450627326965e-001</NO285>
<NO286>0.</NO286>
<NO287>0.</NO287>
<NO288>0.</NO288>
<NO289>0.</NO289>
<NO290>1.3954561948776245e+000</NO290>
<NO291>3.0485107898712158e+000</NO291>
<NO292>0.</NO292>
<NO293>4.5674341917037964e-001</NO293>
<NO294>2.2825396060943604e+000</NO294>
<NO295>0.</NO295>
<NO296>0.</NO296>
<NO297>0.</NO297>
<NO298>0.</NO298>
<NO299>0.</NO299>
<NO300>4.2108008265495300e-001</NO300>
<NO301>0.</NO301>
<NO302>0.</NO302>
<NO303>0.</NO303>
<NO304>0.</NO304>
<NO305>0.</NO305>
<NO306>0.</NO306>
<NO307>5.7494039647281170e-003</NO307>
<NO308>1.4385901391506195e-001</NO308>
<NO309>0.</NO309>
<NO310>0.</NO310>
<NO311>0.</NO311>
